1398064
1398092
1398096
1398099
1398100
1398101
1398102
1398104
1922352
1922380
1922384
1922387
1922388
1922389
1922390
1922392
2796128
2796129
2796184
2796185
2796193
2796198
2796199
2796200
2796201
2796202
2796203
2796204
2796209
3058272
3058273
3058328
3058329
3058337
3058342
3058343
3058344
3058345
3058346
3058347
3058348
3058353
3495216
3495244
3495248
3495251
3495252
3495253
3495254
3495256
3844704
3844705
3844760
3844761
3844769
3844774
3844775
3844776
3844777
3844778
3844779
3844780
3844785
4019504
4019532
4019536
4019539
4019540
4019541
4019542
4019544
4106848
4106849
4106904
4106905
4106913
4106918
4106919
4106920
4106921
4106922
4106923
4106924
4106929
